1 2 3 4 5 6 F 8 9 10 11 12 13 F 15 16 17 B 19 20 F
1 2 3 4 5 6 7 8 F 10 11 12 13 B 15 16 17 F 19 20 21 22 23 24 25 26 F B 29 30
1 F 3 F 5 F 7 F 9 F B F 13 F 15 F 17 F 19 F 21 FB 23 F 25 F 27 F 29 F 31 F B F 35 F 37 F 39 F 41 F 43 FB
1 2 3 4 5 F 7 8 9 10 11 F 13 14 15 16 B F 19 20 21 22
1 2 F 4 5 F 7 8 F 10 11 FB 13 14 F 16 17 F 19 20 F 22 23 FB 25 26 F 28 29 F 31 32 F 34 35 FB 37 38 F 40 41 F 43 44 F
1 2 3 4 5 6 7 8 9 10 11 12 F 14 15 16 17 18 19 20 21 22 23 24 25 F 27 B 29 30 31 32
1 2 3 F 5 6 7 F 9 10 11 F 13 14 B F 17 18 19 F 21 22 23 F 25 26 27 F 29 B 31 F 33 34 35 F
1 2 3 4 5 6 7 F 9 10 11 12 13 14 15 F 17 18 B 20 21 22 23 F 25 26
1 2 3 4 F 6 7 8 9 F 11 12 13 14 F 16 17 18 19 F B 22 23 24 F 26 27 28 29 F 31 32 33 34 F 36 37
1 2 3 4 5 6 7 8 9 F 11 12 13 14 15 16 17 18 19 F 21 22 23 24 B 26 27 28 29 F 31 32 33 34 35 36 37 38 39 F 41
1 2 3 4 5 6 7 8 9 10 11 12 13 14 15 F 17 18 19 20 21 22 23 B 25 26 27 28 29 30 31 F 33 34 35
F F F F F F F F F F F F F F F F F F F FB F F F F F F F F
1 2 3 4 5 6 7 8 9 10 11 12 13 14 15 16 17 18 19 20 21 22 23 24 25 F 27 28 29 B 31 32 33 34 35 36 37 38 39
1 2 3 4 5 6 7 8 9 10 11 12 13 14 15 16 17 18 19 20 21 22 23 24 25 26 27 28 29 30 31 F 33 34 B 36 37 38 39 40 41 42 43
1 2 3 4 5 6 7 8 9 10 11 12 13 14 15 16 17 18 19 20 21 22 23 24 25 26 27 28 29 30 31 32 33 34 35 36 37 38 F 40 B 42
1 2 3 4 5 6 7 8 9 10 11 12 13 14 15 16 17 18 19 20 21 22 23 24 25 26 27 28 29 30 31 32 33 F 35 36 37 38 39 40 41 42 43 44 45 46 B
F F F F F F F F F F F F F F F F F F F F F F F F F F F F F F F F F F F F F F F F F F F F F F F F FB
1 2 3 4 5 6 F 8 9 10 11 12 13 FB 15 16 17 18 19 20 F 22 23 24 25 26 27 FB 29
1 2 3 4 5 6 7 8 9 10 11 F 13 14 15 16 17 18 19 20 21 B 23 F 25 26 27 28 29 30 31 32 33 34 35 F 37 38 39 40 41 42 43 B 45
1 2 3 4 5 6 7 8 9 10 F 12 13 14 15 16 17 18 B 20 21 F 23 24 25 26 27 28 29 30 31 32 F 34 35 36 37 B 39 40 41 42 43 F 45 46 47
